7897085903004
7898951630123
7898146300022
7898146300015
7896112401117
7898019869236
7898549750271
7896112402190
7898549750059
7898053581866
7898053599472
7897515657583
7897515657590
7898019868932
7898019868949
7896112401100
7896112401094
7898549750424
7898549750745
7898079240136
7898053580395
7898053580401
7896112402176
7896112405634
7896112402589
7898053580333
7898558464510
7798176420120
7898195863639
7898053585307
7898053585291
7898053580340
7898053580142
7896112401056
7898931477311
7897085903073
7897085902991
7898549750479
7897085903356
7898951630086
7898053585314
7898053585321
7898053585338
7898053580623
7898053582818
7897085903202
7898549750813
7898053585161
7898053586823
7896112403067
7896112402695
7896112402701
7897614100263
7898019866624
7897085902960
7897614100270
7897085903394
7898931477366
7897085903349
7898053593906
7798176420182
7898153931516
7898549750622
7898549750639
7898549750189
7896112402794
7896112402398
7896112402251
7896112402268
7896112405917
7898549750165
7898549750158
7898549750684
7898549750691
7896112402596
7896006219620
7896006219637
7896006219873
7898941459567
7898941459581
7898941459598
7898053594859
7898053594873
7898053594866
7898053594880
7898053590110
7896006203469
7896006211310
7898053582061
7896112403586
7896112403593
7898558464398
7898558464381
7898549750264
7896112405924
7898049718061
7898053582795
7896112402145
7898232036163
7896792600343
7896792600343
7896792600343
7898953135046